ht,htSum
FLA2014,368
LiveOn4G,173
EnricoMentana,65
fla2014,48
liveon4g,37
Fla2014,29
Pescara,29
LIVEon4G,28
colibrìensemble,24
AmoLeggere,20
unlibroèunlibro,20
talkshow,18
MarioTozzi,12
AldoCazzullo,11
senoncifossebisognerebbeinventarla,11
